2 130 134 13 14 145 148 23 151 24 28 31 160 161 35 164 36 166 167 170 43 46 175 176 178 50 53 183 55 58 60 63 64 65 76 80 81 82 83 84 85 86 87 90 92 94 96 99 105 106 112 115 118 120 126
25
128 129 130 1 8 9 10 12 13 140 19 150 154 29 30 170 179 51 186 188 190 63 64 194 68 83 96 117 118 124
1
3 132 5 133 134 135 7 10 139 140 13 14 143 18 19 146 150 22 154 27 29 161 34 163 36 33 38 167 42 43 170 173 46 177 49 51 52 53 180 182 56 60 188 190 63 191 193 66 196 197 70 199 72 73 75 78 79 83 86 91 98 107 108 109 115 121 122 124 125 127
37
128 132 134 135 136 11 140 15 144 145 16 149 21 22 153 28 31 161 33 165 168 173 176 177 50 178 179 53 186 188 61 190 63 64 193 194 67 71 73 75 79 82 90 91 96 101 102 104 105 110 112 113 118 119 121 127
27
129 2 131 130 4 8 10 180 13 143 16 146 19 149 22 23 154 155 28 31 32 33 35 36 165 166 37 168 170 43 172 171 46 175 48 49 178 50 177 52 181 55 47 185 58 57 187 60 191 63 69 70 199 71 73 74 75 79 82 86 87 94 96 173 105 107 111 116 123
25
4 133 134 132 8 138 10 139 142 143 144 14 16 147 148 149 150 152 25 26 156 29 158 159 34 164 166 38 168 169 39 43 167 46 174 47 178 51 181 54 183 185 58 59 188 61 60 63 64 192 65 195 196 197 70 62 72 77 78 84 90 93 94 95 98 100 101 102 103 126
19
6 7 136 139 12 13 14 16 18 146 150 23 28 157 31 33 35 36 165 37 40 41 44 175 48 49 181 54 55 56 61 63 64 71 72 74 76 81 82 83 84 86 101 103 105 108 110 112 115 116 118 122 123
50
1 2 5 134 7 8 137 138 11 140 135 14 15 16 147 20 150 151 152 25 26 27 30 32 160 37 166 38 168 41 170 171 45 174 46 176 49 50 178 181 54 184 57 58 60 189 61 191 192 193 194 64 196 72 74 89 91 96 100 104 109 112 113 116 117 118 121 123 124 127
21
129 2 1 4 5 8 9 13 15 17 146 147 148 23 153 25 155 156 30 32 34 36 164 167 41 42 171 44 46 175 50 51 182 55 184 57 58 56 61 62 190 191 193 65 195 196 69 198 197 72 200 74 192 77 83 84 92 93 95 97 101 106 108 112 115 119 122 125 126 127
17
1 133 134 136 8 138 13 142 141 16 19 149 23 152 26 155 154 31 160 162 163 36 37 166 39 168 169 170 42 172 173 41 45 46 43 51 53 182 183 60 190 62 65 194 67 196 195 72 73 40 78 80 88 95 101 102 103 106 113 114 118 119
29