128 1 130 131 133 6 17 18 149 150 23 152 21 154 27 26 29 157 30 24 34 36 165 38 40 169 171 174 47 180 52 54 182 184 53 58 57 60 62 64 193 194 198 71 200 75 86 90 92 95 96 97 98 99 104 107 110 113 116 119
4
3 4 132 6 9 11 141 142 145 23 154 26 156 164 165 42 175 181 184 62 195 197 69 71 84 86 89 90 99 103 108 119 123 124 127
15
130 3 4 134 135 9 137 142 143 15 144 14 147 148 23 24 153 152 155 157 30 161 35 37 165 169 42 43 172 174 47 176 49 179 53 58 59 188 189 190 63 192 65 194 62 191 69 71 200 74 79 80 82 85 87 88 89 90 91 92 93 98 109 113 115 118 120 122
29
131 136 10 141 14 17 149 150 153 31 161 33 162 166 39 167 42 171 173 174 178 52 182 57 60 191 64 65 67 68 195 71 72 75 93 95 100 115 120
28
128 1 131 3 133 6 134 8 137 138 139 142 143 145 18 19 20 149 23 152 24 156 30 160 34 162 164 35 38 39 40 41 172 44 47 176 50 51 182 55 56 58 186 60 61 190 192 193 67 70 198 76 80 81 82 84 85 91 92 94 96 99 102 108 110 114 115 116 119 121 122 124 125 126
42
128 7 8 12 13 14 143 142 18 21 22 159 160 32 35 164 168 169 40 43 172 46 175 177 49 52 181 183 55 58 186 194 71 200 199 89 98 104 107 112 114 116 122 127
29
131 4 133 6 7 136 134 5 139 10 141 14 9 17 19 148 21 151 24 132 154 155 27 156 153 31 32 162 163 164 37 38 167 40 170 43 172 173 46 49 50 52 182 55 56 184 186 57 62 63 192 65 197 199 73 74 78 79 82 83 88 89 92 94 95 100 103 105 106 114 117 118 123 125 126
25
128 51 130 131 7 8 137 11 140 13 143 16 18 147 151 24 25 157 31 34 163 36 39 168 40 42 44 45 172 174 48 49 176 178 180 52 182 183 53 55 58 186 185 189 62 61 64 59 66 196 69 71 72 200 82 85 88 90 91 92 99 104 105 106 114 117 122 125
4
3 131 6 7 136 12 15 16 18 148 149 22 23 24 151 150 157 158 32 161 164 165 166 38 37 41 39 43 175 48 178 53 59 188 61 187 191 192 193 66 60 190 197 199 75 76 83 85 88 93 99 102 103 107 108 112 113 115 116 117 120 123
48
1 10 141 142 23 158 159 31 161 37 166 39 170 173 55 58 190 67 197 71 91 93 104 108 117 122 124
1
160 130 2 36 71 7 186 108 173 142 145 89 58
3
6 134 8 137 138 12 14 15 147 148 21 22 25 26 154 155 28 29 31 160 156 162 158 159 46 177 49 51 54 55 184 186 191 194 196 199 74 77 83 109 110
38
1 131 5 6 7 136 135 10 140 13 141 142 144 145 146 19 148 149 147 151 24 25 152 154 29 158 33 166 167 43 171 46 47 177 178 179 180 53 183 185 186 187 188 61 62 63 60 193 196 198 72 76 77 78 83 88 92 94 97 101 108 110 111 125
35
1 3 9 13 16 18 19 23 27 34 37 39 40 41 44 50 51 52 53 55 56 57 58 60 62 63 64 65 68 69 73 74 80 84 85 86 88 89 95 102 103 104 113 114 115 117 121 123 130 132 133 135 139 140 141 142 152 153 155 157 162 163 165 166 167 168 169 173 180 182 183 184 186 189 192 194 195 197 199 200
22
128 129 1 3 132 133 5 7 8 9 10 141 16 17 18 147 148 20 23 152 153 155 27 157 30 31 158 34 162 165 37 167 40 169 170 39 172 44 176 49 178 183 56 186 59 187 61 60 190 64 189 194 193 191 71 78 82 86 87 93 102 106 112 113 117 122 124 127
25