68 166 107 14 15 143 17 124 48 117 86 151 152 58 92 189
19
128 132 5 6 7 8 137 11 13 14 15 17 20 21 150 23 24 25 153 27 156 28 159 32 161 34 162 164 38 169 43 46 49 50 51 179 181 58 187 190 192 193 67 71 200 79 82 83 84 88 89 93 94 97 99 101 102 106 111 114 117 119 123 126
37
128 132 4 136 9 138 139 140 13 143 145 18 19 148 22 151 23 153 154 155 26 152 29 161 33 162 38 39 171 174 47 176 175 179 181 183 185 57 58 190 191 64 68 69 72 76 77 83 85 88 93 95 99 104 105 106 109 112 113 123 124 125
23
96 98 195 100 145 51 181 151 27 156
47
129 130 2 3 131 6 7 138 140 13 142 14 16 17 20 150 24 155 30 161 33 36 38 167 40 168 170 43 47 177 188 52 182 55 183 185 58 59 186 56 62 63 192 64 194 66 195 197 68 72 76 77 91 92 94 98 99 101 102 103 104 107 111 114 119 120 121 122 123 125 127
49
128 2 133 6 136 138 141 147 26 158 159 162 34 36 163 42 44 48 178 54 55 56 59 188 63 66 195 196 73 78 88 91 97 98 103 109 122 126
4
131 5 16 17 145 20 149 148 23 154 26 31 32 33 36 169 42 51 184 57 59 193 68 70 71 200 73 80 81 84 91 92 94 97 109 110 116 121 127
27
36 197 134 7 74 44 173 112 179 116 117 151 120 58 157
45
131 3 7 136 135 10 11 140 13 142 143 27 30 158 160 161 162 163 31 169 171 43 174 50 178 179 54 183 189 191 192 64 194 67 72 200 81 88 94 102 106 109 114
44
134 7 6 137 10 141 17 146 20 149 155 28 156 162 166 168 41 170 171 43 173 176 180 52 54 55 56 184 58 60 190 65 71 72 73 74 77 79 86 88 89 90 96 99 104 105 110 111 112 113 114 117 120 124
13
1 133 7 136 137 9 135 143 145 17 149 22 152 154 27 30 33 161 162 38 168 42 43 173 47 48 176 177 179 182 54 184 189 65 194 195 73 74 77 79 80 83 86 89 91 93 94 96 97 102 103 104 106 108 110 113 114 120 121 123
28
128 135 9 11 12 144 19 148 23 152 25 156 30 31 158 161 33 170 171 46 175 174 47 50 180 181 53 182 186 58 190 63 67 195 71 72 199 74 79 80 83 89 95 96 98 103 104 107 109 112 113 116 118 125 127
15
128 97 162 35 132 165 72 139 15 113 82 115 21 118 24 90 125 127
28
1 135 136 9 138 10 8 14 143 16 145 18 147 20 154 27 157 30 31 159 158 32 163 165 166 167 41 169 43 42 173 46 171 176 49 54 183 56 185 58 184 189 190 191 65 194 67 68 69 198 71 72 75 77 78 83 85 86 95 103 104 108 109 113 114 115 116 119 120 124 127
34
2 3 4 132 6 133 136 137 139 12 13 142 143 144 16 140 17 148 149 151 153 25 29 30 161 35 164 37 38 167 36 39 42 170 172 43 45 44 176 49 178 179 55 56 185 191 192 65 64 165 196 74 76 78 82 89 92 94 96 97 101 102 106 111 113 121 123 125 127
12
3 133 5 6 10 138 143 144 17 146 19 148 18 151 23 154 158 33 36 38 39 44 45 47 176 49 177 52 54 184 188 66 67 200 81 83 84 94 95 98 99 107 111 116 122
12
67 36 109 46 47 80 177 17 18 157
30
1 3 6 7 8 9 10 11 12 14 23 33 39 42 43 44 46 47 51 54 55 56 58 60 61 63 66 67 73 76 77 80 82 86 89 91 96 98 101 108 109 113 114 115 116 120 121 123 129 132 134 136 137 139 140 141 142 143 146 149 150 151 156 158 166 167 168 170 173 174 178 185 186 189 193 195 198
27
98 6 39 200 106 172 13 77 83 84 53 179 52 188 94 159
34
129 2 3 130 7 137 12 14 16 149 150 25 26 154 29 33 34 163 39 42 45 174 47 48 51 52 182 183 184 56 192 194 67 196 74 75 77 84 85 87 93 95 99 103 105 106 108 112 114 115 124
39